#
# SED templates.  MS (main sequence star forming at z=0.5) and starburst are from '
# Magdis et al. 2012. The 70% AGN tempate is from Ciesla 2015
#
#  Wave (um)   Flux_MS (mJy)  Flux_Burst (mJy)   Flux AGN (mJy)
      1.00000    0.0052940163    0.0023677514      0.83077758
      1.00900    0.0066020448    0.0029220684      0.84427344
      1.01900    0.0085810734    0.0037575531      0.85942747
      1.02800     0.011516428    0.0049936718      0.87316325
      1.03800     0.015340573    0.0065988682      0.88822750
      1.04700     0.018666070    0.0079848482      0.89820111
      1.05700     0.019224778    0.0082048137      0.90844050
      1.06700     0.017114760    0.0073087993      0.91869720
      1.07600     0.014390666    0.0061611827      0.92794457
      1.08600     0.012200998    0.0052423566      0.93476150
      1.09600     0.010699305    0.0046148477      0.93159304
      1.10700    0.0097458780    0.0042153957      0.92802223
      1.11700    0.0091895176    0.0039814599      0.92482246
      1.12700    0.0089171428    0.0038669974      0.92219164
      1.13800    0.0088675243    0.0038458161      0.92452686
      1.14800    0.0090129787    0.0039027633      0.92936714
      1.15900    0.0093327427    0.0040332014      0.93466995
      1.16900    0.0098394847    0.0042389703      0.93947379
      1.18000     0.010550567    0.0045280882      0.94680072
      1.19100     0.011498245    0.0049099042      0.96000185
      1.20200     0.012707976    0.0053991217      0.97425941
      1.21300     0.014198172    0.0059964896      0.98859200
      1.22500     0.015935408    0.0066924341       1.0011964
      1.23600     0.017789240    0.0074369185       1.0077266
      1.24700     0.019533398    0.0081291976       1.0140090
      1.25900     0.020852807    0.0086500539       1.0208447
      1.27100     0.021526936    0.0089104796       1.0276620
      1.28200     0.021508521    0.0088943254       1.0343305
      1.29400     0.020975269    0.0086706957       1.0443018
      1.30600     0.020152281    0.0083345036       1.0547558
      1.31800     0.019243897    0.0079674221       1.0652172
      1.33000     0.018392055    0.0076231525       1.0756865
      1.34300     0.017642967    0.0073230091       1.0861083
      1.35500     0.017030066    0.0070765683       1.0946692
      1.36800     0.016540685    0.0068809112       1.1039287
      1.38000     0.016173649    0.0067330463       1.1124662
      1.39300     0.015902448    0.0066219795       1.1207794
      1.40600     0.015716643    0.0065506277       1.1226197
      1.41900     0.015603563    0.0065028346       1.1222988
      1.43200     0.015556290    0.0064851838       1.1219808
      1.44500     0.015558637    0.0064822668       1.0968132
      1.45900     0.015606028    0.0065014140       1.0489261
      1.47200     0.015694940    0.0065337987       1.0154657
      1.48600     0.015815058    0.0065801708       1.0237088
      1.50000     0.015969778    0.0066390320       1.0383374
      1.51400     0.016146435    0.0067082145       1.0530384
      1.52800     0.016346198    0.0067818105       1.0678125
      1.54200     0.016566726    0.0068678976       1.0981900
      1.55600     0.016802267    0.0069591442       1.1451774
      1.57000     0.017059743    0.0070555509       1.1757937
      1.58500     0.017325314    0.0071600371       1.1879244
      1.60000     0.017611647    0.0072689343       1.2000639
      1.61400     0.017904901    0.0073785811       1.2114020
      1.62900     0.018207421    0.0074933867       1.2273764
      1.64400     0.018516862    0.0076118581       1.2521794
      1.66000     0.018832053    0.0077303292       1.2789170
      1.67500     0.019149587    0.0078495492       1.3037946
      1.69000     0.019465949    0.0079687678       1.3146062
      1.70600     0.019783484    0.0080879875       1.3198265
      1.72200     0.020092925    0.0082027935       1.3250200
      1.73800     0.020388524    0.0083131872       1.3301848
      1.75400     0.020662192    0.0084184209       1.3353211
      1.77000     0.020906996    0.0085074981       1.3309513
      1.78600     0.021103362    0.0085818427       1.3058579
      1.80300     0.021239665    0.0086341225       1.2750259
      1.82000     0.021289402    0.0086511004       1.2452138
      1.83700     0.021237555    0.0086356933       1.2125971
      1.85400     0.021078375    0.0085769057       1.1724893
      1.87100     0.020875326    0.0085041327       1.1725834
      1.88800     0.020745005    0.0084585844       1.1796132
      1.90500     0.020875564    0.0085079480       1.1866221
      1.92300     0.021377848    0.0086963490       1.1940207
      1.94100     0.022219484    0.0090068877       1.1964914
      1.95900     0.023249275    0.0093858615       1.1849327
      1.97700     0.024318360    0.0097780737       1.1722231
      1.99500     0.025357419     0.010161461       1.1597745
      2.01400     0.026331838     0.010514704       1.1470233
      2.03200     0.027241633     0.010849550       1.1378501
      2.05100     0.028099459     0.011162334       1.1304771
      2.07000     0.028908838     0.011458211       1.1232298
      2.08900     0.029689362     0.011740854       1.1160929
      2.10900     0.030447953     0.012015418       1.1091667
      2.12800     0.031191526     0.012285568       1.1046426
      2.14800     0.031915511     0.012552054       1.1002959
      2.16800     0.032639497     0.012814875       1.0960036
      2.18800     0.033363481     0.013074030       1.0916025
      2.20800     0.034080541     0.013338346       1.0868953
      2.22800     0.034805702     0.013599747       1.0822176
      2.24900     0.035532033     0.013866307       1.0773697
      2.27000     0.036266457     0.014134362       1.0725853
      2.29100     0.037007801     0.014403915       1.0658022
      2.31200     0.037758417     0.014679377       1.0460569
      2.33300     0.038522869     0.014959999       1.0229800
      2.35500     0.039295419     0.015247277      0.97913116
      2.37700     0.040084155     0.015536799      0.88466937
      2.39900     0.040887902     0.015837389      0.84380607
      2.42100     0.041706667     0.016140225      0.80549956
      2.44300     0.042541618     0.016454875      0.78658555
      2.46600     0.043398506     0.016776933      0.77077959
      2.48900     0.044271581     0.017105646      0.75541101
      2.51200     0.045152748     0.017442510      0.74046710
      2.53500     0.046051277     0.017791941      0.70542453
      2.55900     0.046977492     0.018149524      0.52316342
      2.58200     0.047922240     0.018516756      0.45596341
      2.60600     0.048895843     0.018901713      0.45668678
      2.63000     0.049900643     0.019297066      0.45740393
      2.65500     0.050936649     0.019711641      0.45814542
      2.67900     0.052010785     0.020145438      0.45885210
      2.70400     0.053136877     0.020604366      0.45958277
      2.72900     0.054315056     0.021084757      0.46030735
      2.75400     0.055539215     0.021599106      0.46102665
      2.78000     0.056850293     0.022142322      0.46321758
      2.80500     0.058247821     0.022730567      0.46635205
      2.83100     0.059749279     0.023370491      0.46964845
      2.85800     0.061389390     0.024068005      0.47306441
      2.88400     0.063214362     0.024842256      0.47634711
      2.91100     0.065252946     0.025712393      0.47985039
      2.93800     0.067580091     0.026707883      0.48482005
      2.96500     0.070323193     0.027866265      0.49135145
      2.99200     0.073597195     0.029246491      0.49790928
      3.02000     0.077691130     0.030946448      0.50474258
      3.04800     0.082922774     0.033106754      0.51244970
      3.07600     0.090047670     0.035981333      0.52320306
      3.10500      0.10018604     0.040026706      0.53557726
      3.13300      0.11565927     0.046122525      0.54822138
      3.16200      0.14155829     0.056186383      0.56716085
      3.19200      0.19038855     0.074933122      0.59205473
      3.22100      0.30066722      0.11697848      0.62034789
      3.25100      0.63424921      0.24349451      0.67224280
      3.28100       2.2379016      0.85022632      0.77227062
      3.31100       3.3076677       1.2544573      0.93602336
      3.34200      0.88389023      0.33853409       1.0324955
      3.37300      0.39269258      0.15334484       1.1307104
      3.40400      0.24429092     0.097797186       1.0130229
      3.43600      0.18235927     0.074964535      0.90511302
      3.46700      0.15130251     0.063815210      0.82593388
      3.49900      0.13393955     0.057908104      0.81931820
      3.53200      0.12352786     0.054663078      0.84762633
      3.56500      0.11704227     0.052953770      0.87681968
      3.59700      0.11298129     0.052217366      0.90915652
      3.63100      0.11049097     0.052126043      0.94953549
      3.66400      0.10905168     0.052499628      0.99000022
      3.69800      0.10837485     0.053231401       1.0318064
      3.73300      0.10828688     0.054251574       1.0754524
      3.76700      0.10860360     0.055508537       1.1226828
      3.80200      0.10930153     0.056980449       1.1767291
      3.83700      0.11024229     0.058645181       1.2325024
      3.87300      0.11149508     0.060488073       1.2880100
      3.90800      0.11293319     0.062512924       1.3432633
      3.94500      0.11454492     0.064708917       1.4060114
      3.98100      0.11638772     0.067072200       1.4698219
      4.01800      0.11840414     0.069606626       1.5358727
      4.05500      0.12053668     0.072319793       1.6023100
      4.09300      0.12284283     0.075207907       1.6729672
      4.13000      0.12533432     0.078278448       1.7439233
      4.16900      0.12798767     0.081531539       1.8211100
      4.20700      0.13076889     0.084993158       1.8956637
      4.24600      0.13373545     0.088652162       1.9711313
      4.28500      0.13694480     0.092527155       2.0486787
      4.32500      0.14028204     0.096629304       2.1301283
      4.36500      0.14386207      0.10096989       2.2137774
      4.40600      0.14770841      0.10555244       2.3022544
      4.44600      0.15176352      0.11041770       2.3899384
      4.48700      0.15608490      0.11559557       2.4813524
      4.52900      0.16074176      0.12099633       2.5777180
      4.57100      0.16574584      0.12676956       2.6760480
      4.61300      0.17110887      0.13295192       2.7761066
      4.65600      0.17690005      0.13939380       2.8812921
      4.69900      0.18324606      0.14631958       2.9883243
      4.74200      0.19018210      0.15372777       3.0979917
      4.78600      0.19785832      0.16165504       3.2111248
      4.83100      0.20648230      0.17017614       3.3212516
      4.87500      0.21629693      0.17947584       3.4299763
      4.92000      0.22775261      0.18970074       3.5436865
      4.96600      0.24150738      0.20114698       3.6559525
      5.01200      0.25878589      0.21440545       3.7667823
      5.05800      0.28184031      0.23024875       3.8800650
      5.10500      0.31545188      0.25085558       3.9983609
      5.15200      0.36943876      0.28054374       4.1198820
      5.20000      0.46089403      0.32669365       4.2470050
      5.24800      0.57884537      0.38484260       4.3768972
      5.29700      0.59862707      0.40174645       4.5000595
      5.34600      0.52722450      0.37957647       4.6102787
      5.39500      0.48573611      0.37032311       4.7207432
      5.44500      0.48709801      0.37993025       4.8350839
      5.49500      0.52357530      0.40522656       4.9489401
      5.54600      0.60047695      0.44920605       5.0647811
      5.59800      0.74154373      0.52279592       5.1846070
      5.64900      0.96941480      0.63696442       5.3036776
      5.70200       1.1531091      0.73283723       5.4286095
      5.75400       1.0867397      0.71545913       5.5506479
      5.80800      0.98571977      0.68191100       5.6788868
      5.86100      0.98946167      0.69672964       5.8063645
      5.91600       1.1003936      0.76258071       5.9469605
      5.97000       1.3387386      0.89062168       6.1385316
      6.02600       1.7911234       1.1233685       6.3445513
      6.08100       2.6810667       1.5729838       6.5523363
      6.13800       4.4954511       2.4827973       6.7768130
      6.19400       7.2391446       3.8683806       7.0042947
      6.25200       7.2190283       3.9026809       7.2395643
      6.31000       4.7153799       2.6848193       7.2900165
      6.36800       3.1571934       1.9312473       7.2427592
      6.42700       2.4668390       1.6053242       7.1954941
      6.48600       2.2150865       1.4991635       7.1489266
      6.54600       2.1962126       1.5138003       7.1264810
      6.60700       2.2993205       1.5915995       7.2118684
      6.66800       2.4212674       1.6823453       7.3075168
      6.73000       2.4799064       1.7405863       7.4051011
      6.79200       2.4728213       1.7644750       7.5030611
      6.85500       2.4665455       1.7894780       7.5977362
      6.91800       2.5204573       1.8481004       7.6882136
      6.98200       2.6605506       1.9569834       7.7803616
      7.04700       2.8975701       2.1242646       7.8742008
      7.11200       3.2391402       2.3547374       7.9733578
      7.17800       3.6969327       2.6591354       8.0952385
      7.24400       4.2918627       3.0526188       8.2238848
      7.31100       5.0721049       3.5662265       8.3553746
      7.37900       6.1396662       4.2672271       8.4897575
      7.44700       7.6820634       5.2768581       8.4961637
      7.51600       9.7911562       6.6657177       8.3521555
      7.58600       11.711383       7.9663001       8.1987610
      7.65600       12.133197       8.3421323       7.8761535
      7.72700       11.881469       8.2862621       7.2482866
      7.79800       11.913961       8.4167001       6.6081586
      7.87000       11.410387       8.1952397       6.1897167
      7.94300       9.7977261       7.2212170       5.4560811
      8.01700       7.9123377       6.0327933       4.5671483
      8.09100       6.4613653       5.1112300       4.0184343
      8.16600       5.5562555       4.5430020       3.4093701
      8.24100       5.0971019       4.2697099       2.9012165
      8.31800       4.9400586       4.2019182       2.4543480
      8.39500       5.0094549       4.2923124       2.3212242
      8.47200       5.4548840       4.6469110       2.2142175
      8.55100       6.2942583       5.2856542       2.0628915
      8.63000       6.4931069       5.4962169       1.8147859
      8.71000       5.3929248       4.7972141       1.4332015
      8.79000       4.1957338       4.0110623       1.0982252
      8.87200       3.4152332       3.5087037      0.97311169
      8.95400       2.9470009       3.2254795      0.88291521
      9.03600       2.6615359       3.0727306      0.79145383
      9.12000       2.4807509       2.9953727      0.72222088
      9.20400       2.3640828       2.9645957      0.66630720
      9.29000       2.2876139       2.9622621      0.64145892
      9.37600       2.2380538       2.9761584      0.64275180
      9.46200       2.2066171       3.0018573      0.64403588
      9.55000       2.1885644       3.0341674      0.64534075
      9.63800       2.1812451       3.0716090      0.64663557
      9.72700       2.1844237       3.1164245      0.65625192
      9.81700       2.1981129       3.1678817      0.68602426
      9.90800       2.2219719       3.2285755      0.72163023
      10.0000       2.2568105       3.2988881      0.77282586
      10.0900       2.3035551       3.3806660      0.82695246
      10.1900       2.3631209       3.4727807      0.89272260
      10.2800       2.4378068       3.5752015      0.95867954
      10.3800       2.5307213       3.6890138       1.0636969
      10.4700       2.6509788       3.8200948       1.1761970
      10.5700       2.8194824       3.9839431       1.3827616
      10.6700       3.0636103       4.2030774       1.5751400
      10.7600       3.3464359       4.4565339       1.8223320
      10.8600       3.8113606       4.8505039       2.3345073
      10.9600       4.6781367       5.5524463       3.4973525
      11.0700       6.5408608       7.0192468       4.0801516
      11.1700       12.123463       11.345501       4.0559295
      11.2700       17.002267       15.262909       3.7489452
      11.3800       13.062577       12.420118       3.4404649
      11.4800       9.4479322       9.8657307       3.2783481
      11.5900       7.2251749       8.0662979       3.4932276
      11.6900       6.5145495       7.5819558       3.7539786
      11.8000       6.7196275       7.8492492       4.0197969
      11.9100       7.3854196       8.5095176       4.2917413
      12.0200       7.6846081       8.8814607       4.5632292
      12.1300       7.3112027       8.6893188       4.8456337
      12.2500       7.0654098       8.6092909       5.1616324
      12.3600       7.5049030       9.1323897       5.4594491
      12.4700       8.7197239       10.374169       5.7710562
      12.5900       9.9068157       11.629861       5.9847799
      12.7100       9.4277568       11.358740       6.1430999
      12.8200       7.8489133       10.021748       6.2955898
      12.9400       6.5974236       8.9590954       6.5145048
      13.0600       5.9249928       8.4368198       6.7654816
      13.1800       5.7167473       8.3576147       7.0139379
      13.3000       5.8848988       8.6660588       7.2124276
      13.4300       6.2054724       9.1454784       7.3977300
      13.5500       6.0959362       9.1701600       7.5715196
      13.6800       5.5909647       8.7579037       7.7381733
      13.8000       5.2003392       8.4592571       7.8182462
      13.9300       5.0481752       8.4304617       7.8758541
      14.0600       5.1535596       8.7098125       7.9333308
      14.1900       5.3530772       9.1130930       7.9906951
      14.3200       5.1144861       8.9779432       8.0178149
      14.4500       4.9134669       8.8857246       8.0096771
      14.5900       4.8631914       8.9866942       7.9970345
      14.7200       4.8833906       9.1865391       7.9854163
      14.8600       4.9388387       9.4388145       7.9730338
      15.0000       5.0162700       9.7309547       7.9731488
      15.1400       5.1099112       10.049719       7.9757666
      15.2800       5.2174421       10.398851       7.9783637
      15.4200       5.3423330       10.784182       7.9809359
      15.5600       5.4886546       11.213117       7.9922792
      15.7000       5.6708003       11.708469       8.0281565
      15.8500       5.9153271       12.316606       8.0664308
      16.0000       6.1454839       12.911656       8.1045275
      16.1400       6.4634296       13.668031       8.1408977
      16.2900       7.2189570       15.162162       8.1937411
      16.4400       8.9505854       18.323641       8.2607885
      16.6000       8.0992462       17.226958       8.3322318
      16.7500       8.1091585       17.558365       8.3991304
      16.9000       8.4884762       18.537473       8.4737590
      17.0600       8.7547151       19.343885       8.5730223
      17.2200       8.8201355       19.793315       8.6774759
      17.3800       9.0229611       20.511622       8.7822220
      17.5400       8.3260252       19.544852       8.8872466
      17.7000       8.0914342       19.420922       9.0497626
      17.8600       8.1396334       19.823006       9.2584719
      18.0300       7.9079400       19.665944       9.4843090
      18.2000       7.8124326       19.777607       9.7132790
      18.3700       7.8237052       20.084108       10.017063
      18.5400       7.8943675       20.515660       10.371412
      18.7100       8.0602438       21.142049       10.734470
      18.8800       8.3870694       22.117641       11.106656
      19.0500       8.3133803       22.240001       11.488667
      19.2300       8.1969465       22.262963       11.905086
      19.4100       8.2068584       22.554353       12.340764
      19.5900       8.2571453       22.933850       12.793875
      19.7700       8.3223776       23.342667       13.258286
      19.9500       8.3928055       23.773624       13.721716
      20.1400       8.4695789       24.215572       14.218382
      20.3200       8.5498245       24.672330       14.700589
      20.5100       8.6464225       25.184957       15.231150
      20.7000       8.7517594       25.719872       15.777561
      20.8900       8.8611667       26.273413       16.337669
      21.0900       8.9746440       26.845425       16.922174
      21.2800       9.0910424       27.436061       17.486845
      21.4800       9.2173526       28.060130       18.087495
      21.6800       9.3530232       28.713969       18.678557
      21.8800       9.4974335       29.408714       19.277911
      22.0800       9.6459129       30.121935       19.888262
      22.2800       9.7943937       30.849965       20.499032
      22.4900       9.9498649       31.607614       21.147106
      22.7000       10.114697       32.406176       21.810688
      22.9100       10.292937       33.252978       22.477315
      23.1200       10.484607       34.162976       23.142534
      23.3300       10.686812       35.128696       23.820751
      23.5500       10.894834       36.120219       24.538123
      23.7700       11.112171       37.167315       25.231050
      23.9900       11.342938       38.277464       25.926015
      24.2100       11.586561       39.454320       26.633916
      24.4300       11.838923       40.686599       27.349164
      24.6600       12.103520       41.989263       28.092251
      24.8900       12.381548       43.362155       28.845057
      25.1200       12.672385       44.812753       29.610619
      25.3500       12.974907       46.352063       30.368854
      25.5900       13.292582       47.980068       31.148372
      25.8200       13.624840       49.711590       31.906686
      26.0600       13.972825       51.546469       32.711638
      26.3000       14.338841       53.492049       33.494238
      26.5500       14.718862       55.548318       34.266405
      26.7900       15.114592       57.741090       35.014676
      27.0400       15.527798       60.051729       35.804871
      27.2900       15.956136       62.509860       36.601022
      27.5400       16.405354       65.107849       37.360097
      27.8000       16.869129       67.853037       38.140129
      28.0500       17.348587       70.756406       38.898681
      28.3100       17.846601       73.825289       39.695813
      28.5800       18.359680       77.052068       40.510774
      28.8400       18.884252       80.458871       41.238538
      29.1100       19.426302       84.030736       42.000238
      29.3800       19.985593       87.774990       42.768493
      29.6500       20.556385       91.702348       43.541625
      29.9200       21.138670       95.812955       44.273113
      30.2000       21.726465       100.08434       45.011865
      30.4800       22.325761       104.51655       45.755703
      30.7600       22.936549       109.13873       46.504975
      31.0500       23.552851       113.90675       47.263027
      31.3300       24.180413       118.84978       47.935584
      31.6200       24.807743       123.93119       48.621774
      31.9200       25.440586       129.13601       49.335494
      32.2100       26.078940       134.45674       50.028855
      32.5100       26.716824       139.90089       50.713388
      32.8100       27.360220       145.49011       51.370786
      33.1100       27.991657       151.11453       52.029821
      33.4200       28.640101       156.88403       52.713261
      33.7300       29.276580       162.68868       53.385538
      34.0400       29.930066       168.55764       53.925680
      34.3600       30.577333       174.49841       54.462241
      34.6700       31.230118       180.43769       54.982305
      34.9900       31.882430       186.44874       55.519446
      35.3200       32.534279       192.45087       56.037487
      35.6500       33.191633       198.50305       56.497345
      35.9700       33.854508       204.55380       56.942787
      36.3100       34.534383       210.62542       57.415545
      36.6400       35.208046       216.66644       57.860708
      36.9800       35.887223       222.72836       58.231591
      37.3300       36.583408       228.78207       58.570766
      37.6700       37.285103       234.82006       58.899110
      38.0200       37.998064       240.84238       59.235827
      38.3700       38.734015       246.87139       59.556096
      38.7300       39.469492       252.89965       59.857650
      39.0800       40.239696       258.89803       60.145621
      39.4500       41.009425       264.90311       60.448672
      39.8100       41.802150       270.92989       60.742338
      40.1800       42.617867       276.92675       60.969868
      40.5500       43.468065       282.95278       61.162843
      40.9300       44.323778       289.00051       61.359492
      41.3000       45.213980       295.03327       61.549841
      41.6900       46.127175       301.09523       61.733598
      42.0700       47.069100       307.14963       61.798022
      42.4600       48.039774       313.24076       61.863668
      42.8500       49.044933       319.32442       61.928774
      43.2500       50.073079       325.44465       61.996139
      43.6500       51.135714       331.59410       62.088413
      44.0600       52.232831       337.75103       62.207361
      44.4600       53.358692       343.94454       62.322562
      44.8700       54.530767       350.17480       62.439803
      45.2900       55.725606       356.44170       62.535805
      45.7100       56.966656       362.72351       62.553548
      46.1300       58.236202       369.03446       62.545243
      46.5600       59.546232       375.38964       62.536856
      46.9900       60.902236       381.78884       62.528524
      47.4200       62.298706       388.18809       62.481866
      47.8600       63.723687       394.59483       62.391448
      48.3100       65.194888       401.07488       62.295864
      48.7500       66.700328       407.52569       62.203383
      49.2000       68.257742       414.04984       62.109732
      49.6600       69.849647       420.54485       62.053408
      50.1200       71.481773       427.25968       62.005268
      50.5800       73.171619       433.54226       61.957583
      51.0500       74.884229       440.18387       61.909299
      51.5200       76.660056       446.83291       61.864578
      52.0000       78.441854       453.10796       61.827722
      52.4800       80.269414       459.75703       61.791208
      52.9700       82.166185       466.40612       61.754308
      53.4600       84.108702       472.68870       61.710244
      53.9500       86.062938       479.34520       61.614144
      54.4500       88.074654       485.62777       61.481437
      54.9500       90.086379       491.91036       61.350215
      55.4600       92.143852       498.55937       61.218017
      55.9800       94.270529       504.84945       61.098496
      56.4900       96.454679       511.13203       61.012177
      57.0200       98.638832       517.41459       60.930180
      57.5400       100.88047       523.33816       60.850625
      58.0800       103.12209       529.62076       60.768838
      58.6100       105.40949       535.52934       60.679843
      59.1600       107.76606       541.81194       60.581563
      59.7000       110.12264       547.72049       60.485956
      60.2600       112.52499       553.25514       60.387830
      60.8100       114.93905       559.16377       60.292136
      61.3800       117.39886       564.69093       60.183694
      61.9400       119.87041       570.22560       60.077875
      62.5200       122.38769       575.75273       59.969407
      63.1000       124.90499       580.90595       59.862465
      63.6800       127.42230       586.05920       59.763290
      64.2700       129.99704       591.21988       59.673018
      64.8600       132.57181       595.99905       59.583653
      65.4600       135.20406       600.77834       59.493803
      66.0700       137.82458       605.55755       59.405629
      66.6800       140.45681       609.96277       59.328102
      67.3000       143.07734       614.36064       59.254527
      67.9200       145.75533       618.39949       59.181778
      68.5500       148.37585       622.43079       59.108623
      69.1800       151.05383       626.45461       59.034233
      69.8200       153.66263       630.10450       58.956345
      70.4700       156.34061       633.75437       58.877786
      71.1200       159.00689       637.03031       58.800010
      71.7800       161.67315       640.31364       58.721799
      72.4400       164.33941       643.22311       58.653917
      73.1100       167.00568       646.12501       58.589295
      73.7900       169.60271       648.66049       58.524343
      74.4700       172.26899       651.19594       58.460080
      75.1600       174.86604       653.34996       58.397991
      75.8600       177.40562       655.51150       58.335706
      76.5600       179.99094       657.29153       58.274003
      77.2700       182.47304       658.71264       58.212068
      77.9800       185.00089       660.12618       58.150856
      78.7000       187.47125       661.53973       58.089338
      79.4300       189.94163       662.57935       58.027572
      80.1700       192.34280       663.25260       57.965643
      80.9100       194.69820       663.92563       57.904376
      81.6600       197.04187       664.22472       57.842886
      82.4100       199.32810       664.52396       57.781994
      83.1800       201.60257       664.45669       57.575892
      83.9500       203.88879       664.38937       57.330960
      84.7200       206.04830       664.32205       57.089162
      85.5100       208.21956       663.52176       56.844290
      86.3000       210.32160       663.08049       56.622460
      87.1000       212.35443       661.90624       56.468666
      87.9000       214.39900       660.73193       56.317343
      88.7200       216.37434       659.55774       56.164061
      89.5400       218.24649       658.02462       56.018566
      90.3600       220.10690       656.48378       55.932136
      91.2000       221.90981       654.94302       55.889602
      92.0400       223.64353       652.67689       55.847491
      92.9000       225.33150       650.76964       55.804819
      93.7600       226.95026       648.49596       55.604876
      94.6200       228.51156       645.86323       55.264579
      95.5000       230.01536       643.22307       54.916319
      96.3800       231.46168       640.58293       54.573255
      97.2700       232.79303       637.58374       54.231418
      98.1700       234.11266       634.21057       53.894026
      99.0800       235.31736       630.84492       53.665423
      100.000       236.53377       627.47919       53.496024
      100.900       237.62354       623.74712       53.332276
      101.900       238.64403       620.02247       53.152678
      102.800       239.61881       616.29033       52.968846
      103.800       240.53613       612.19920       52.691313
      104.700       241.32674       608.11551       52.429807
      105.700       242.12907       604.02433       52.143654
      106.700       242.80471       599.94065       51.861719
      107.600       243.48039       595.49803       51.617696
      108.600       244.11030       591.05529       51.371422
      109.600       244.61351       586.62011       51.134310
      110.700       245.11674       581.81844       50.877127
      111.700       245.56250       577.39074       50.644025
      112.700       246.01995       572.59650       50.394083
      113.800       246.40821       567.80979       50.120301
      114.800       246.73903       563.39701       49.874765
      115.900       247.08156       558.62533       49.608314
      116.900       247.35486       553.85350       49.367418
      118.000       247.63989       549.08921       49.068720
      119.100       247.79827       544.33245       48.745994
      120.200       248.02584       539.57562       48.428094
      121.300       248.19589       534.83377       48.140270
      122.500       248.30850       530.09192       47.903239
      123.600       248.47860       525.35755       47.688845
      124.700       248.64868       520.99717       47.477222
      125.900       248.83048       516.27771       47.249902
      127.100       249.01230       511.93227       46.921545
      128.200       249.25162       507.59436       46.480517
      129.400       249.43343       503.26388       45.987108
      130.600       249.61524       498.94084       45.503924
      131.800       249.86629       494.62535       45.029791
      133.000       249.99060       490.30975       44.455663
      134.300       250.00000       485.99424       43.793850
      135.500       249.89677       481.31226       43.196601
      136.800       249.49211       476.61532       42.563983
      138.000       248.78828       471.17789       41.988582
      139.300       247.60938       464.98503       41.265406
      140.600       246.07159       458.41079       40.558255
      141.900       244.11733       451.08862       39.868742
      143.200       241.86515       443.75888       39.197599
      144.500       239.37718       435.68881       38.557041
      145.900       236.71209       427.98521       37.896758
      147.200       233.93202       419.92257       37.298600
      148.600       231.09570       411.85992       36.671485
      150.000       228.26166       404.17124       36.055828
      151.400       225.43120       396.49752       35.435217
      152.800       222.66169       388.83128       34.822443
      154.200       219.83827       381.17253       34.227496
      155.600       217.07581       373.99772       33.647314
      157.000       214.37554       366.79367       33.107771
      158.500       211.67760       359.74379       32.573800
      160.000       208.98318       352.81122       32.057241
      161.400       206.34977       345.99615       31.586218
      162.900       203.66121       339.29846       31.088889
      164.400       201.03368       332.71823       30.536033
      166.000       198.40727       326.21875       29.953139
      167.500       195.78441       319.82924       29.420886
      169.000       193.22139       313.55715       28.902262
      170.600       190.66067       307.36583       28.350561
      172.200       188.04488       301.25525       27.769126
      173.800       185.48886       295.26213       27.267518
      175.400       182.93403       289.34232       26.891948
      177.000       180.38154       283.50323       26.516724
      178.600       177.83142       277.73750       26.141847
      180.300       175.28245       272.05254       25.767140
      182.000       172.73702       266.48498       25.392952
      183.700       170.19158       260.95407       25.018764
      185.400       167.70713       255.54058       24.653540
      187.100       165.16637       250.20787       24.280040
      188.800       162.68427       244.94845       23.915163
      190.500       160.14704       239.76982       23.542180
      192.300       157.66848       234.62785       23.177824
      194.100       155.19224       229.60106       22.813808
      195.900       152.71835       224.65204       22.450137
      197.700       150.24563       219.78078       22.086638
      199.500       147.83158       214.98660       21.731764
      201.400       145.36236       210.26866       21.368781
      203.200       142.95183       205.59191       21.014424
      205.100       140.54362       201.02881       20.660408
      207.000       138.19408       196.54201       20.315018
      208.900       135.78940       192.09559       19.961521
      210.900       133.44336       187.76287       19.616645
      212.800       131.09852       183.46977       19.271945
      214.800       128.75599       179.29036       18.927585
      216.800       126.47332       175.15134       18.592025
      218.800       124.13315       171.08787       18.248011
      220.800       121.85279       167.10143       17.912791
      222.800       119.63230       163.19130       17.586370
      224.900       117.41294       159.35817       17.260116
      227.000       115.19477       155.60059       16.934039
      229.100       113.03642       151.88340       16.616753
      231.200       110.87925       148.27840       16.299642
      233.300       108.72324       144.71378       15.982700
      235.500       106.62707       141.22471       15.674555
      237.700       104.53205       137.81193       15.366580
      239.900       102.43823       134.43804       15.058782
      242.100       100.34557       131.10230       14.751153
      244.300       98.252914       127.80544       14.443525
      246.600       96.218912       124.54674       14.144520
      248.900       94.186075       121.36356       13.845686
      251.200       92.095758       118.18115       13.538402
      253.500       90.005451       115.00022       13.231119
      255.900       87.974950       111.89483       12.932628
      258.200       85.945634       108.82834       12.634312
      260.600       83.916326       105.83739       12.335996
      263.000       81.947999       102.92272       12.046645
      265.500       80.038342       100.08362       11.765919
      267.900       78.129838       97.320769       11.485362
      270.400       76.281165       94.633477       11.213601
      272.900       74.433669       91.985070       10.942012
      275.400       72.645998       89.449605       10.679218
      278.000       70.916970       86.953020       10.425045
      280.500       69.189117       84.532739       10.171045
      283.100       67.521091       82.187249       9.9258388
      285.800       65.911720       79.880643       9.6892556
      288.400       64.303504       77.648832       9.4528421
      291.100       62.697655       75.456666       9.2167767
      293.800       61.149275       73.339298       8.9891594
      296.500       59.660712       71.260063       8.7703353
      299.200       58.179082       69.256367       8.5525306
      302.000       56.733112       67.290822       8.3399678
      304.800       55.311298       65.364165       8.1309562
      307.600       53.925143       63.512306       7.9271865
      310.500       52.568903       61.698588       7.7278144
      313.300       51.242580       59.960408       7.5328402
      316.200       49.946161       58.222975       7.3422620
      319.200       48.673908       56.560344       7.1552364
      322.100       47.437317       54.936598       6.9734532
      325.100       46.219142       53.350245       6.7943770
      328.100       45.036620       51.838690       6.6205421
      331.100       43.878272       50.328630       6.4502609
      334.200       42.742909       48.893357       6.2833586
      337.300       41.638633       47.458840       6.1210261
      340.400       40.557350       46.099119       5.9620737
      343.600       39.500343       44.740879       5.8066898
      346.700       38.472900       43.456693       5.6556522
      349.900       37.463520       42.210649       5.5072697
      353.200       36.483820       40.966104       5.3632503
      356.500       35.522183       39.794854       5.2218864
      359.700       34.584468       38.625094       5.0840389
      363.100       33.670459       37.489822       4.9496764
      366.400       32.780257       36.395607       4.8188135
      369.800       31.908001       35.331456       4.6905888
      373.300       31.059563       34.297379       4.5658654
      376.700       30.234814       33.290448       4.4446245
      380.200       29.428014       32.312832       4.3260219
      383.700       28.639163       31.366035       4.2100581
      387.300       27.868256       30.441971       4.0967320
      390.800       27.120930       29.547979       3.9868724
      394.500       26.391546       28.676722       3.8796505
      398.100       25.679995       27.831863       3.7750499
      401.800       24.986393       27.013633       3.6730880
      405.500       24.310620       26.217916       3.5737470
      409.300       23.652558       25.444860       3.4770096
      413.000       23.006580       24.694470       3.3820485
      416.900       22.384295       23.963072       3.2905703
      420.700       21.773858       23.254264       3.2008340
      424.600       21.181249       22.568117       3.1137184
      428.500       20.600607       21.900819       3.0283619
      432.500       20.037795       21.252443       2.9456266
      436.500       19.492579       20.622914       2.8654779
      440.600       18.953695       20.012232       2.7862601
      444.600       18.432407       19.420473       2.7096289
      448.700       17.928832       18.843823       2.6356016
      452.900       17.437221       18.282281       2.5633331
      457.100       16.951711       17.739587       2.4919614
      461.300       16.483912       17.212002       2.4231933
      465.600       16.027960       16.703187       2.3561668
      469.900       15.583858       16.205819       2.2908821
      474.200       15.151600       15.723555       2.2273388
      478.600       14.731308       15.256251       2.1655544
      483.100       14.322748       14.800466       2.1054946
      487.500       13.926152       14.359639       2.0471935
      492.000       13.535539       13.930182       1.9897720
      496.600       13.156771       13.515755       1.9340917
      501.200       12.789853       13.112698       1.8801535
      505.800       12.434663       12.720936       1.8279394
      510.500       12.085574       12.340540       1.7766221
      515.200       11.748215       11.975029       1.7270291
      520.000       11.416955       11.617222       1.6783327
      524.800       11.097426       11.270709       1.6313609
      529.700       10.789627       10.931822       1.5861133
      534.600       10.482063       10.604233       1.5409003
      539.500       10.192093       10.287859       1.4982736
      544.500       9.9023588       9.9827055       1.4556817
      549.500       9.6242366       9.6815924       1.4147968
      554.600       9.3522139       9.3952850       1.3748085
      559.800       9.0919225       9.1129447       1.3365447
      564.900       8.8317478       8.8418209       1.2982981
      570.200       8.5833039       8.5781783       1.2617760
      575.400       8.3408406       8.3221628       1.2261330
      580.800       8.1043610       8.0700373       1.1913697
      586.100       7.8737462       7.8290566       1.1574685
      591.600       7.6548619       7.5956285       1.1252917
      597.000       7.4362119       7.3696801       1.0931494
      602.600       7.2291746       7.1476213       1.0627142
      608.100       7.0222542       6.9367815       1.0322962
      613.800       6.8213171       6.7296809       1.0027577
      619.400       6.6262440       6.5264692      0.97408127
      625.200       6.4429021       6.3308123      0.94712936
      631.000       6.2596770       6.1425593      0.92019463
      636.800       6.0823174       5.9581206      0.89412213
      642.700       5.9050750       5.7812373      0.86806688
      648.600       5.7389881       5.6080920      0.84365151
      654.600       5.5758917       5.4424272      0.81967577
      660.700       5.4173937       5.2769108      0.79637601
      666.800       5.2638461       5.1225389      0.77380396
      673.000       5.1148968       4.9683171      0.75190789
      679.200       4.9700877       4.8214990      0.73062045
      685.500       4.8282705       4.6784963      0.70977281
      691.800       4.6905938       4.5393073      0.68953385
      698.200       4.5570577       4.4037832      0.66990357
      704.700       4.4270643       4.2720737      0.65079409
      711.200       4.3006251       4.1441782      0.63220708
      717.800       4.1777403       4.0200231      0.61414257
      724.400       4.0583975       3.8996070      0.59659877
      731.100       3.9420224       3.7830052      0.57949121
      737.900       3.8291908       3.6701434      0.56290456
      744.700       3.7198886       3.5602880      0.54683676
      751.600       3.6129800       3.4538058      0.53112083
      758.600       3.5101887       3.3510633      0.51601014
      765.600       3.4091925       3.2510359      0.50116333
      772.700       3.3117265       3.1539403      0.48683548
      779.800       3.2166420       3.0595597      0.47285774
      787.000       3.1244898       2.9681109      0.45931104
      794.300       3.0341442       2.8793396      0.44602991
      801.700       2.9473173       2.7931935      0.43326605
      809.100       2.8622741       2.7093140      0.42076441
      816.600       2.7795998       2.6280670      0.40861099
      824.100       2.6992836       2.5490785      0.39680423
      831.800       2.6213370       2.4727152      0.38534579
      839.500       2.5451610       2.3982442      0.37414766
      847.200       2.4713550       2.3260321      0.36329791
      855.100       2.3993203       2.2560712      0.35270855
      863.000       2.3296431       2.1879951      0.34246576
      871.000       2.2617489       2.1221778      0.33248508
      879.000       2.1962007       2.0582375      0.32284926
      887.200       2.1318494       1.9961822      0.31338940
      895.400       2.0698555       1.9356377      0.30427607
      903.600       2.0090460       1.8773367      0.29533686
      912.000       1.9505949       1.8201805      0.28674433
      920.400       1.8933285       1.7652753      0.27832597
      929.000       1.8378446       1.7118659      0.27016965
      937.600       1.7835459       1.6599748      0.26218755
      946.200       1.7315814       1.6095874      0.25454857
      955.000       1.6802385       1.5607028      0.24700099
      963.800       1.6312300       1.5133220      0.23979658
      972.700       1.5828430       1.4674441      0.23268351
      981.700       1.5362040       1.4227032      0.22582741
      990.800       1.4913362       1.3794657      0.21923169
      1000.00       1.4470783       1.3377166      0.21272562
      1009.00       1.4045800       1.2971116      0.20647821
      1019.00       1.3632662       1.2576361      0.20040495
      1028.00       1.3231257       1.2196564      0.19450415
      1038.00       1.2835953       1.1824397      0.18869304
      1047.00       1.2458241       1.1467113      0.18314054
      1057.00       1.2092260       1.1117533      0.17776050
      1067.00       1.1732378       1.0779172      0.17247010
      1076.00       1.1384229       1.0452030      0.16735219
      1086.00       1.1047808       1.0132515      0.16240668
      1096.00       1.0723116      0.98242205      0.15763360
      1107.00       1.0404527      0.95271449      0.15295022
      1117.00       1.0097665      0.92376980      0.14843924
      1127.00      0.97967876      0.89557294      0.14401624
      1138.00      0.95075220      0.86813913      0.13976393
      1148.00      0.92243561      0.84181961      0.13560129
      1159.00      0.89471728      0.81625557      0.13152660
      1169.00      0.86816024      0.79143948      0.12762262
      1180.00      0.84220141      0.76737872      0.12380658
      1191.00      0.81741552      0.74407329      0.12016297
      1202.00      0.79322795      0.72114936      0.11660731
      1213.00      0.76962690      0.69934736      0.11313787
      1225.00      0.74661239      0.67791933      0.10975466
      1236.00      0.72419605      0.65724663      0.10645938
      1247.00      0.70295268      0.63732200      0.10333653
      1259.00      0.68172119      0.61777872      0.10021542
      1271.00      0.66166258      0.59898325     0.097266736
      1282.00      0.64160406      0.58093584     0.094318062
      1294.00      0.62273021      0.56326984     0.091543541
      1306.00      0.60385646      0.54598541     0.088769032
      1318.00      0.58609809      0.52944872     0.086158490
      1330.00      0.56862727      0.51328606     0.083590216
      1343.00      0.55163967      0.49750483     0.081092980
      1355.00      0.53518108      0.48246405     0.078673509
      1368.00      0.51920578      0.46780471     0.076325082
      1380.00      0.50374782      0.45352682     0.074052708
      1393.00      0.48870386      0.43962293     0.071841193
      1406.00      0.47413149      0.42646693     0.069699004
      1419.00      0.45997786      0.41331090     0.067618370
      1432.00      0.44623605      0.40091028     0.065598275
      1445.00      0.43296337      0.38850969     0.063647144
      1459.00      0.42004615      0.37685702     0.061748267
      1472.00      0.40748433      0.36539507     0.059901636
      1486.00      0.39533425      0.35430706     0.058115531
      1500.00      0.38353838      0.34355640     0.056381496
      1514.00      0.37215429      0.33315056     0.054707995
      1528.00      0.36106693      0.32303784     0.053078113
      1542.00      0.35027518      0.31326994     0.051491688
      1556.00      0.33983654      0.30376231     0.049957171
      1570.00      0.32975098      0.29455534     0.048474558
      1585.00      0.31990232      0.28564905     0.047026771
      1600.00      0.31040677      0.27700603     0.045630891
      1614.00      0.30114815      0.26862554     0.044269841
      1629.00      0.29218513      0.26050905     0.042952246
      1644.00      0.28351537      0.25261767     0.041677761
      1660.00      0.27508257      0.24498961     0.040438109
      1675.00      0.26688556      0.23758664     0.039233119
      1690.00      0.25892545      0.23040957     0.038062956
      1706.00      0.25125865      0.22345833     0.036935908
      1722.00      0.24377011      0.21669484     0.035835067
      1738.00      0.23651735      0.21015648     0.034768886
      1754.00      0.22949923      0.20384325     0.033737198
      1770.00      0.22266054      0.19768184     0.032731885
      1786.00      0.21605529      0.19174406     0.031760890
      1803.00      0.20968581      0.18595812     0.030824555
      1820.00      0.20343602      0.18035990     0.029905813
      1837.00      0.19742193      0.17494866     0.029021721
      1854.00      0.19158385      0.16968851     0.028163503
      1871.00      0.18586541      0.16457868     0.027322872
      1888.00      0.18038156      0.15965659     0.026516726
      1905.00      0.17501619      0.15484742     0.025727998
      1923.00      0.16982793      0.15022525     0.024965306
      1941.00      0.16481564      0.14571674     0.024228481
      1959.00      0.15998049      0.14135861     0.023517697
      1977.00      0.15520631      0.13711337     0.022815875
      1995.00      0.15066441      0.13301774     0.022148200
      2014.00      0.14618465      0.12903503     0.021489660
      2032.00      0.14188088      0.12516603     0.020856991
      2051.00      0.13769438      0.12144584     0.020241561
      2070.00      0.13362635      0.11780193     0.019643545
      2089.00      0.12967682      0.11430764     0.019062950
      2109.00      0.12584458      0.11088888     0.018499598
      2128.00      0.12213079      0.10758229     0.017953657
      2148.00      0.11853434      0.10438866     0.017424967
      2168.00      0.11505518      0.10127056     0.016913518
      2188.00      0.11169448     0.098265391     0.016419483
      2208.00      0.10839364     0.095335025     0.015934247
      2228.00      0.10521007     0.092516839     0.015466251
      2249.00      0.10214380     0.089774203     0.015015499
      2270.00     0.099137365     0.087107100     0.014573543
      2291.00     0.096248224     0.084515535     0.014148829
      2312.00     0.093418914     0.081998770     0.013732910
      2333.00     0.090649435     0.079593451     0.013325787
      2355.00     0.087996069     0.077227011     0.012935733
      2377.00     0.085461181     0.074936112     0.012563095
      2399.00     0.082927470     0.072719266     0.012190631
      2421.00     0.080509883     0.070577951     0.011835237
      2443.00     0.078152126     0.068511436     0.011488638
      2466.00     0.075910498     0.066483064     0.011159111
      2489.00     0.073671215     0.064529490     0.010829929
      2512.00     0.071549225     0.062614050     0.010517989
      2535.00     0.069428410     0.060773401     0.010206221
      2559.00     0.067423725     0.059007551    0.0099115257
      2582.00     0.065477699     0.057279099    0.0096254530
      2606.00     0.063591488     0.055588783    0.0093481734
      2630.00     0.061706461     0.053973270    0.0090710677
      2655.00     0.059937554     0.052395895    0.0088110321
      2679.00     0.058204301     0.050855919    0.0085562378
      2704.00     0.056518220     0.049353336    0.0083083780
      2729.00     0.054885024     0.047925546    0.0080682923
      2754.00     0.053300160     0.046535901    0.0078353117
      2780.00     0.051761282     0.045183657    0.0076090913
      2805.00     0.050270727     0.043868802    0.0073899745
      2831.00     0.048820415     0.042591346    0.0071767734
      2858.00     0.047417377     0.041352034    0.0069705218
      2884.00     0.046049988     0.040150118    0.0067695109
      2911.00     0.044729645     0.038985597    0.0065754158
      2938.00     0.043444723     0.037858469    0.0063865277
      2965.00     0.042195226     0.036758499    0.0062028472
      2992.00     0.040986902     0.035695174    0.0060252194
      3020.00     0.039813891     0.034658251    0.0058527825
      3048.00     0.038670548     0.033655804    0.0056847071
      3076.00     0.037556657     0.032682682    0.0055209612
      3105.00     0.036478072     0.031735958    0.0053624054
      3133.00     0.035434794     0.030819750    0.0052090399
      3162.00     0.034421070     0.029929497    0.0050600189
      3192.00     0.033436795     0.029065644    0.0049153269
      3221.00     0.032481960     0.028227965    0.0047749628
      3251.00     0.031550819     0.027412954    0.0046380818
      3281.00     0.030649124     0.026624191    0.0045055294
      3311.00     0.029776752     0.025857942    0.0043772877
      3342.00     0.028928077     0.025117943    0.0042525294
      3373.00     0.028103096     0.024396795    0.0041312543
      3404.00     0.027307320     0.023694492    0.0040142724
      3436.00     0.026529377     0.023018294    0.0038999121
      3467.00     0.025775012     0.022357352    0.0037890178
      3499.00     0.025044222     0.021718774    0.0036815890
      3532.00     0.024337012     0.021099043    0.0035776267
      3565.00     0.023647514     0.020494418    0.0034762680
      3597.00     0.022975730     0.019912161    0.0033775134
      3631.00     0.022327404     0.019345009    0.0032822073
      3664.00     0.021696792     0.018792892    0.0031895050
      3698.00     0.021083889     0.018259546    0.0030994061
      3733.00     0.020488703     0.017741234    0.0030119117
      3767.00     0.019911225     0.017237954    0.0029270204
      3802.00     0.019351348     0.016749708    0.0028447165
      3837.00     0.018809062     0.016272755    0.0027649985
      3873.00     0.018284490     0.015814503    0.0026878846
      3908.00     0.017771764     0.015367543    0.0026125120
      3945.00     0.017270887     0.014931876    0.0025388814
      3981.00     0.016787722     0.014511243    0.0024678544
      4018.00     0.016316285     0.014101827    0.0023985515
      4055.00     0.015862447     0.013703709    0.0023318357
      4093.00     0.015414709     0.013316884    0.0022660167
      4130.00     0.014984445     0.012941348    0.0022027663
      4169.00     0.014566031     0.012577033    0.0021412580
      4207.00     0.014159464     0.012223939    0.0020814913
      4246.00     0.013764628     0.011878473    0.0020234489
      4285.00     0.013381519     0.011547889    0.0019671306
      4325.00     0.013010262     0.011221195    0.0019125545
      4365.00     0.012644985     0.010909386    0.0018588574
      4406.00     0.012297185     0.010601539    0.0018077296
      4446.00     0.011955369     0.010304837    0.0017574815
      4487.00     0.011619535     0.010015615    0.0017081127
      4529.00     0.011301295    0.0097376851    0.0016613303
      4571.00     0.010983175    0.0094635709    0.0016145655
      4613.00     0.010682530    0.0092006754    0.0015703697
      4656.00     0.010387870    0.0089452590    0.0015270535
      4699.00     0.010099191    0.0086973218    0.0014846167
      4742.00    0.0098222413    0.0084532736    0.0014439042
      4786.00    0.0095511575    0.0082203698    0.0014040539
      4831.00    0.0092860558    0.0079912806    0.0013650830
      4875.00    0.0090268208    0.0077697457    0.0013269745
      4920.00    0.0087793145    0.0075519499    0.0012905902
      4966.00    0.0085376722    0.0073453727    0.0012550680
      5012.00    0.0083020138    0.0071388710    0.0012204253
      5058.00    0.0080779674    0.0069435116    0.0011874897
      5105.00    0.0078541571    0.0067519689    0.0011545888
      5152.00    0.0076362103    0.0065642395    0.0011225499
      5200.00    0.0074298774    0.0063839152    0.0010922182
      5248.00    0.0072236601    0.0062074042    0.0010619035
      5297.00    0.0070291753    0.0060347083    0.0010333136
      5346.00    0.0068346896    0.0058694173    0.0010047235
      5395.00    0.0066461858    0.0057079400   0.00097701278
      5445.00    0.0064692944    0.0055502772   0.00095100913
      5495.00    0.0062925220    0.0053962800   0.00092502295
      5546.00    0.0061158657    0.0052498355   0.00089905385
      5598.00    0.0059508226    0.0051070573   0.00087479193
      5649.00    0.0057900374    0.0049644276   0.00085115595
      5702.00    0.0056321266    0.0048292033   0.00082794249
      5754.00    0.0054789303    0.0046977181   0.00080542210
      5808.00    0.0053297576    0.0045700471   0.00078349319
      5861.00    0.0051854184    0.0044424512   0.00076227482
      5916.00    0.0050446451    0.0043221849   0.00074158064
      5970.00    0.0049078951    0.0042057327   0.00072147791
      6026.00    0.0047747459    0.0040893554   0.00070190450
      6081.00    0.0046457025    0.0039767181   0.00068293467
      6138.00    0.0045201899    0.0038678948   0.00066448388
      6194.00    0.0043976450    0.0037627364   0.00064646935
      6252.00    0.0042792059    0.0036620510   0.00062905838
      6310.00    0.0041637223    0.0035625393   0.00061208188
      6368.00    0.0040511832    0.0034655933   0.00059553824
      6427.00    0.0039421751    0.0033717287   0.00057951366
      6486.00    0.0038361230    0.0032805045   0.00056392363
      6546.00    0.0037330033    0.0031914789   0.00054876466
      6607.00    0.0036328397    0.0031051159   0.00053404026
      6668.00    0.0035350333    0.0030213707   0.00051966237
      6730.00    0.0034401717    0.0029395104   0.00050571739
      6792.00    0.0033482543    0.0028602753   0.00049220520
      6855.00    0.0032586942    0.0027832836   0.00047903955
      6918.00    0.0031714925    0.0027081846   0.00046622060
      6982.00    0.0030866484    0.0026353290   0.00045374821
      7047.00    0.0030041617    0.0025643583   0.00044162238
      7112.00    0.0029234469    0.0024952577   0.00042975702
      7178.00    0.0028456642    0.0024284082   0.00041832268
      7244.00    0.0027696525    0.0023630695   0.00040714870
      7311.00    0.0026954242    0.0022996080   0.00039623687
      7379.00    0.0026235421    0.0022376498   0.00038566995
      7447.00    0.0025540059    0.0021775692   0.00037544789
      7516.00    0.0024856658    0.0021193581   0.00036540166
      7586.00    0.0024196721    0.0020626504   0.00035570034
      7656.00    0.0023554493    0.0020074461   0.00034625936
      7727.00    0.0022924235    0.0019537525   0.00033699435
      7798.00    0.0022317312    0.0019015546   0.00032807236
      7870.00    0.0021727993    0.0018504864   0.00031940917
      7943.00    0.0021150634    0.0018012953   0.00031092178
      8017.00    0.0020590869    0.0017532261   0.00030269305
      8091.00    0.0020043073    0.0017066603   0.00029464024
      8166.00    0.0019512753    0.0016612242   0.00028684436
      8241.00    0.0019000144    0.0016169168   0.00027930883
      8318.00    0.0018499268    0.0015740981   0.00027194577
      8395.00    0.0018010356    0.0015320500   0.00026475860
      8472.00    0.0017533172    0.0014914898   0.00025774382
      8551.00    0.0017073586    0.0014520592   0.00025098774
      8630.00    0.0016625729    0.0014133914   0.00024440409
      8710.00    0.0016189719    0.0013762046   0.00023799458
      8790.00    0.0015759693    0.0013397807   0.00023167305
      8872.00    0.0015347259    0.0013044861   0.00022561012
      8954.00    0.0014946557    0.0012699395   0.00021971967
      9036.00    0.0014551839    0.0012365146   0.00021391717
      9120.00    0.0014168847    0.0012034713   0.00020828706
      9204.00    0.0013791841    0.0011715499   0.00020274494
      9290.00    0.0013432430    0.0011403839   0.00019746147
      9376.00    0.0013073134    0.0011099731   0.00019217969
      9462.00    0.0012731319    0.0010806770   0.00018715488
      9550.00    0.0012395485    0.0010517696   0.00018221800
      9638.00    0.0012065633    0.0010239768   0.00017736907
      9727.00    0.0011747394   0.00099657289   0.00017269084
      9817.00    0.0011435254   0.00097028316   0.00016810227
      9908.00    0.0011134729   0.00094437518   0.00016368444
      10000.0    0.0010840183   0.00091958145   0.00015935452
